$ANSIBLE_VAULT;1.1;AES256
31313663613861393339653030316635333031646166323761643935343865366138663234356233
6233303230656466306162396334616335653436386564300a316531303666356138306161326634
65393565316633313636383465633866326336623731666664643637666632313836633338623332
3262653532646530610a393838663937326634613035613766303631356636363132636131333737
38656463653163303231336536306361366232653862313239383732656335666634366235343534
38363435646335626361633235303361333363626638346239393034663237333739363565336530
64366464386438626332343264643132636261653734353530653436316662333838336466316132
38313164653265396334323362373763393537386335616566373965356464613762393631653639
66633838343232626162613737366331656139313662326233653437336534333930373030646361
64366139323436653831616461303666323661373030373236396564626239663138653337666432
663537623339666437653362333436326661
